---
- added: 8
  cycles: 2
  removed: 8
  seconds: 12.272495788
  version: 0.20.0
  what: judges-summary
  when: 2024-08-07 16:08:58.411216104 Z
- _id: 3
  _time: 2024-08-07 16:08:49.056782828 Z
  _version: 0.2.1/0.20.0/0.0.35
  average_issue_lifetime: 0
  average_pull_lifetime: 58.5
  average_release_interval: 0
  average_workflow_success_rate: 0.8707317073170732
  what: quality-of-service
  when: 2024-08-07 16:08:49.056907510 Z
- _id: 4
  _time: 2024-08-07 16:08:58.401601058 Z
  _version: 0.2.1/0.20.0/0.0.35
  latest: 40826176238
  repository: 833184966
  what: events-were-scanned
  where: github
- _id: 5
  _time: 2024-08-07 16:08:58.408900838 Z
  _version: 0.2.1/0.20.0/0.0.35
  latest: 0
  repository: 833184966
  what: labels-were-scanned
  where: github
