---
- added: 8
  cycles: 2
  removed: 8
  seconds: 15.7046662
  version: 0.20.0
  what: judges-summary
  when: 2024-08-06 13:12:27.093035110 Z
- _id: 3
  _time: 2024-08-06 13:12:15.597321120 Z
  _version: 0.2.1/0.20.0/0.0.35
  average_issue_lifetime: 0
  average_pull_lifetime: 58.5
  average_release_interval: 0
  average_workflow_success_rate: 0.8616187989556136
  what: quality-of-service
  when: 2024-08-06 13:12:15.597433069 Z
- _id: 4
  _time: 2024-08-06 13:12:27.083263640 Z
  _version: 0.2.1/0.20.0/0.0.35
  latest: 40785512401
  repository: 833184966
  what: events-were-scanned
  where: github
- _id: 5
  _time: 2024-08-06 13:12:27.090894519 Z
  _version: 0.2.1/0.20.0/0.0.35
  latest: 0
  repository: 833184966
  what: labels-were-scanned
  where: github
