---
- added: 8
  cycles: 2
  removed: 8
  seconds: 12.729384005
  version: 0.20.0
  what: judges-summary
  when: 2024-08-09 05:08:26.415646390 Z
- _id: 3
  _time: 2024-08-09 05:08:16.570407443 Z
  _version: 0.2.1/0.20.0/0.0.35
  average_issue_lifetime: 0
  average_pull_lifetime: 58.5
  average_release_interval: 0
  average_workflow_success_rate: 0.8814317673378076
  what: quality-of-service
  when: 2024-08-09 05:08:16.570533258 Z
- _id: 4
  _time: 2024-08-09 05:08:26.406796965 Z
  _version: 0.2.1/0.20.0/0.0.35
  latest: 40880763906
  repository: 833184966
  what: events-were-scanned
  where: github
- _id: 5
  _time: 2024-08-09 05:08:26.413485432 Z
  _version: 0.2.1/0.20.0/0.0.35
  latest: 0
  repository: 833184966
  what: labels-were-scanned
  where: github
