---
- added: 8
  cycles: 2
  removed: 8
  seconds: 13.707662185
  version: 0.20.0
  what: judges-summary
  when: 2024-08-06 16:09:02.334564884 Z
- _id: 3
  _time: 2024-08-06 16:08:52.113566759 Z
  _version: 0.2.1/0.20.0/0.0.35
  average_issue_lifetime: 0
  average_pull_lifetime: 58.5
  average_release_interval: 0
  average_workflow_success_rate: 0.8626943005181347
  what: quality-of-service
  when: 2024-08-06 16:08:52.113694468 Z
- _id: 4
  _time: 2024-08-06 16:09:02.324679396 Z
  _version: 0.2.1/0.20.0/0.0.35
  latest: 40789709889
  repository: 833184966
  what: events-were-scanned
  where: github
- _id: 5
  _time: 2024-08-06 16:09:02.332169882 Z
  _version: 0.2.1/0.20.0/0.0.35
  latest: 0
  repository: 833184966
  what: labels-were-scanned
  where: github
