---
- added: 8
  cycles: 2
  removed: 8
  seconds: 25.931044367
  version: 0.20.0
  what: judges-summary
  when: 2024-08-08 14:07:40.988594929 Z
- _id: 3
  _time: 2024-08-08 14:07:18.712189405 Z
  _version: 0.2.1/0.20.0/0.0.35
  average_issue_lifetime: 0
  average_pull_lifetime: 58.5
  average_release_interval: 0
  average_workflow_success_rate: 0.8773148148148148
  what: quality-of-service
  when: 2024-08-08 14:07:18.712293960 Z
- _id: 4
  _time: 2024-08-08 14:07:40.974884143 Z
  _version: 0.2.1/0.20.0/0.0.35
  latest: 40858245531
  repository: 833184966
  what: events-were-scanned
  where: github
- _id: 5
  _time: 2024-08-08 14:07:40.985292568 Z
  _version: 0.2.1/0.20.0/0.0.35
  latest: 0
  repository: 833184966
  what: labels-were-scanned
  where: github
