---
- added: 8
  cycles: 2
  removed: 8
  seconds: 12.398218311
  version: 0.20.0
  what: judges-summary
  when: 2024-08-08 00:33:42.360473955 Z
- _id: 3
  _time: 2024-08-08 00:33:32.869006809 Z
  _version: 0.2.1/0.20.0/0.0.35
  average_issue_lifetime: 0
  average_pull_lifetime: 58.5
  average_release_interval: 0
  average_workflow_success_rate: 0.8732057416267942
  what: quality-of-service
  when: 2024-08-08 00:33:32.869137354 Z
- _id: 4
  _time: 2024-08-08 00:33:42.351267079 Z
  _version: 0.2.1/0.20.0/0.0.35
  latest: 40839524122
  repository: 833184966
  what: events-were-scanned
  where: github
- _id: 5
  _time: 2024-08-08 00:33:42.358439993 Z
  _version: 0.2.1/0.20.0/0.0.35
  latest: 0
  repository: 833184966
  what: labels-were-scanned
  where: github
