---
- added: 8
  cycles: 2
  removed: 8
  seconds: 12.769578306
  version: 0.20.0
  what: judges-summary
  when: 2024-08-09 07:07:38.859419349 Z
- _id: 3
  _time: 2024-08-09 07:07:28.805633693 Z
  _version: 0.2.1/0.20.0/0.0.35
  average_issue_lifetime: 0
  average_pull_lifetime: 58.5
  average_release_interval: 0
  average_workflow_success_rate: 0.8819599109131403
  what: quality-of-service
  when: 2024-08-09 07:07:28.805779468 Z
- _id: 4
  _time: 2024-08-09 07:07:38.848871903 Z
  _version: 0.2.1/0.20.0/0.0.35
  latest: 40882752960
  repository: 833184966
  what: events-were-scanned
  where: github
- _id: 5
  _time: 2024-08-09 07:07:38.856732396 Z
  _version: 0.2.1/0.20.0/0.0.35
  latest: 0
  repository: 833184966
  what: labels-were-scanned
  where: github
