---
- added: 8
  cycles: 2
  removed: 8
  seconds: 11.662494218
  version: 0.20.0
  what: judges-summary
  when: 2024-08-06 20:07:03.466435026 Z
- _id: 3
  _time: 2024-08-06 20:06:54.628002924 Z
  _version: 0.2.1/0.20.0/0.0.35
  average_issue_lifetime: 0
  average_pull_lifetime: 58.5
  average_release_interval: 0
  average_workflow_success_rate: 0.8641025641025641
  what: quality-of-service
  when: 2024-08-06 20:06:54.628116948 Z
- _id: 4
  _time: 2024-08-06 20:07:03.457061057 Z
  _version: 0.2.1/0.20.0/0.0.35
  latest: 40795736711
  repository: 833184966
  what: events-were-scanned
  where: github
- _id: 5
  _time: 2024-08-06 20:07:03.464237307 Z
  _version: 0.2.1/0.20.0/0.0.35
  latest: 0
  repository: 833184966
  what: labels-were-scanned
  where: github
