---
- added: 8
  cycles: 2
  removed: 8
  seconds: 13.821981055
  version: 0.20.0
  what: judges-summary
  when: 2024-08-08 23:07:28.570457053 Z
- _id: 3
  _time: 2024-08-08 23:07:18.111659716 Z
  _version: 0.2.1/0.20.0/0.0.35
  average_issue_lifetime: 0
  average_pull_lifetime: 58.5
  average_release_interval: 0
  average_workflow_success_rate: 0.8798185941043084
  what: quality-of-service
  when: 2024-08-08 23:07:18.111781122 Z
- _id: 4
  _time: 2024-08-08 23:07:28.561192723 Z
  _version: 0.2.1/0.20.0/0.0.35
  latest: 40874299281
  repository: 833184966
  what: events-were-scanned
  where: github
- _id: 5
  _time: 2024-08-08 23:07:28.568375200 Z
  _version: 0.2.1/0.20.0/0.0.35
  latest: 0
  repository: 833184966
  what: labels-were-scanned
  where: github
