---
- added: 8
  cycles: 2
  removed: 8
  seconds: 6.250584608
  version: 0.20.0
  what: judges-summary
  when: 2024-07-24 17:05:08.599767993 Z
- _id: 1
  _time: 2024-07-24 17:05:04.151583622 Z
  _version: 0.2.1/0.20.0/0.0.35
  branch: rethink
  comments: 0
  details: The pull request h1alexbel/reports-check-action#1 has been closed by @h1alexbel,
    with 5210 HoC and 0 comments.
  event_id: 40428748389
  event_type: PullRequestEvent
  hoc: 5210
  is_human: 1
  issue: 1
  repository: 833184966
  what: pull-was-merged
  when: 2024-07-24 14:45:25.000000000 Z
  where: github
  who: 83453843
- _id: 2
  _time: 2024-07-24 17:05:04.799077032 Z
  _version: 0.2.1/0.20.0/0.0.35
  branch: rethink
  details: The pull request h1alexbel/reports-check-action#1 has been opened by @h1alexbel.
  event_id: 40428721719
  event_type: PullRequestEvent
  is_human: 1
  issue: 1
  repository: 833184966
  what: pull-was-opened
  when: 2024-07-24 14:44:41.000000000 Z
  where: github
  who: 83453843
- _id: 5
  _time: 2024-07-24 17:05:04.816429599 Z
  _version: 0.2.1/0.20.0/0.0.35
  average_issue_lifetime: 0
  average_pull_lifetime: 58.5
  average_release_interval: 0
  average_workflow_success_rate: 0.3333333333333333
  what: quality-of-service
  when: 2024-07-24 17:05:04.816563068 Z
- _id: 6
  _time: 2024-07-24 17:05:08.589987840 Z
  _version: 0.2.1/0.20.0/0.0.35
  latest: 40429605335
  repository: 833184966
  what: events-were-scanned
  where: github
- _id: 7
  _time: 2024-07-24 17:05:08.597547051 Z
  _version: 0.2.1/0.20.0/0.0.35
  latest: 0
  repository: 833184966
  what: labels-were-scanned
  where: github
