---
- added: 8
  cycles: 2
  removed: 8
  seconds: 14.305188642
  version: 0.20.0
  what: judges-summary
  when: 2024-08-09 10:08:20.837370773 Z
- _id: 3
  _time: 2024-08-09 10:08:09.573117533 Z
  _version: 0.2.1/0.20.0/0.0.35
  average_issue_lifetime: 0
  average_pull_lifetime: 58.5
  average_release_interval: 0
  average_workflow_success_rate: 0.8827433628318584
  what: quality-of-service
  when: 2024-08-09 10:08:09.573206379 Z
- _id: 4
  _time: 2024-08-09 10:08:20.827222436 Z
  _version: 0.2.1/0.20.0/0.0.35
  latest: 40887409651
  repository: 833184966
  what: events-were-scanned
  where: github
- _id: 5
  _time: 2024-08-09 10:08:20.834855720 Z
  _version: 0.2.1/0.20.0/0.0.35
  latest: 0
  repository: 833184966
  what: labels-were-scanned
  where: github
