---
- added: 8
  cycles: 2
  removed: 8
  seconds: 13.671233675
  version: 0.20.0
  what: judges-summary
  when: 2024-08-06 19:03:41.996335467 Z
- _id: 3
  _time: 2024-08-06 19:03:31.957010968 Z
  _version: 0.2.1/0.20.0/0.0.35
  average_issue_lifetime: 0
  average_pull_lifetime: 58.5
  average_release_interval: 0
  average_workflow_success_rate: 0.8637532133676092
  what: quality-of-service
  when: 2024-08-06 19:03:31.957127275 Z
- _id: 4
  _time: 2024-08-06 19:03:41.986681431 Z
  _version: 0.2.1/0.20.0/0.0.35
  latest: 40794053313
  repository: 833184966
  what: events-were-scanned
  where: github
- _id: 5
  _time: 2024-08-06 19:03:41.993961815 Z
  _version: 0.2.1/0.20.0/0.0.35
  latest: 0
  repository: 833184966
  what: labels-were-scanned
  where: github
