---
- added: 8
  cycles: 2
  removed: 8
  seconds: 14.158450942
  version: 0.20.0
  what: judges-summary
  when: 2024-08-08 07:07:45.208772657 Z
- _id: 3
  _time: 2024-08-08 07:07:34.392387212 Z
  _version: 0.2.1/0.20.0/0.0.35
  average_issue_lifetime: 0
  average_pull_lifetime: 58.5
  average_release_interval: 0
  average_workflow_success_rate: 0.8752941176470588
  what: quality-of-service
  when: 2024-08-08 07:07:34.392537774 Z
- _id: 4
  _time: 2024-08-08 07:07:45.197833186 Z
  _version: 0.2.1/0.20.0/0.0.35
  latest: 40847167646
  repository: 833184966
  what: events-were-scanned
  where: github
- _id: 5
  _time: 2024-08-08 07:07:45.206161433 Z
  _version: 0.2.1/0.20.0/0.0.35
  latest: 0
  repository: 833184966
  what: labels-were-scanned
  where: github
