---
- added: 8
  cycles: 2
  removed: 8
  seconds: 15.975068181
  version: 0.20.0
  what: judges-summary
  when: 2024-08-09 14:07:58.782265866 Z
- _id: 3
  _time: 2024-08-09 14:07:46.343671963 Z
  _version: 0.2.1/0.20.0/0.0.35
  average_issue_lifetime: 0
  average_pull_lifetime: 58.5
  average_release_interval: 0
  average_workflow_success_rate: 0.8837719298245614
  what: quality-of-service
  when: 2024-08-09 14:07:46.344077411 Z
- _id: 4
  _time: 2024-08-09 14:07:58.770809753 Z
  _version: 0.2.1/0.20.0/0.0.35
  latest: 40894333947
  repository: 833184966
  what: events-were-scanned
  where: github
- _id: 5
  _time: 2024-08-09 14:07:58.779776495 Z
  _version: 0.2.1/0.20.0/0.0.35
  latest: 0
  repository: 833184966
  what: labels-were-scanned
  where: github
