---
- added: 8
  cycles: 2
  removed: 8
  seconds: 15.50500007
  version: 0.20.0
  what: judges-summary
  when: 2024-08-06 05:08:11.759086446 Z
- _id: 1
  _time: 2024-08-06 05:07:59.950836585 Z
  _version: 0.2.1/0.20.0/0.0.35
  commit: 4b94f2e0cfea587cc60f40c7381802b0acebe8f7
  default_branch: master
  details: 'A new Git push #19464653680 has arrived to h1alexbel/reports-check-action,
    made by @h1alexbel (default branch is ''master''), not associated with any pull
    request.'
  event_id: 40433055449
  event_type: PushEvent
  is_human: 1
  push_id: 19464653680
  ref: refs/heads/master
  repository: 833184966
  to_master: 1
  what: git-was-pushed
  when: 2024-07-24 16:55:19.000000000 Z
  where: github
  who: 83453843
- _id: 2
  _time: 2024-08-06 05:08:00.534225131 Z
  _version: 0.2.1/0.20.0/0.0.35
  commit: 7054151c585b7efa3a90d6bccd946fe12d73ffd3
  default_branch: master
  details: 'A new Git push #19463775562 has arrived to h1alexbel/reports-check-action,
    made by @h1alexbel (default branch is ''master''), not associated with any pull
    request.'
  event_id: 40431245455
  event_type: PushEvent
  is_human: 1
  push_id: 19463775562
  ref: refs/heads/master
  repository: 833184966
  to_master: 1
  what: git-was-pushed
  when: 2024-07-24 15:55:07.000000000 Z
  where: github
  who: 83453843
- _id: 3
  _time: 2024-08-06 05:08:00.829821481 Z
  _version: 0.2.1/0.20.0/0.0.35
  commit: fc1ed07032d4467ce6749f41bb41fe6b732cae8a
  default_branch: master
  details: 'A new Git push #19463652033 has arrived to h1alexbel/reports-check-action,
    made by @h1alexbel (default branch is ''master''), not associated with any pull
    request.'
  event_id: 40430985007
  event_type: PushEvent
  is_human: 1
  push_id: 19463652033
  ref: refs/heads/master
  repository: 833184966
  to_master: 1
  what: git-was-pushed
  when: 2024-07-24 15:47:10.000000000 Z
  where: github
  who: 83453843
- _id: 6
  _time: 2024-08-06 05:08:01.145586271 Z
  _version: 0.2.1/0.20.0/0.0.35
  average_issue_lifetime: 0
  average_pull_lifetime: 58.5
  average_release_interval: 0
  average_workflow_success_rate: 0.8586666666666667
  what: quality-of-service
  when: 2024-08-06 05:08:01.145707407 Z
- _id: 7
  _time: 2024-08-06 05:08:11.748914899 Z
  _version: 0.2.1/0.20.0/0.0.35
  latest: 40771937265
  repository: 833184966
  what: events-were-scanned
  where: github
- _id: 8
  _time: 2024-08-06 05:08:11.756510552 Z
  _version: 0.2.1/0.20.0/0.0.35
  latest: 0
  repository: 833184966
  what: labels-were-scanned
  where: github
