---
- added: 8
  cycles: 2
  removed: 8
  seconds: 12.982422527
  version: 0.20.0
  what: judges-summary
  when: 2024-08-08 17:05:36.686517746 Z
- _id: 3
  _time: 2024-08-08 17:05:26.498688168 Z
  _version: 0.2.1/0.20.0/0.0.35
  average_issue_lifetime: 0
  average_pull_lifetime: 58.5
  average_release_interval: 0
  average_workflow_success_rate: 0.8781609195402299
  what: quality-of-service
  when: 2024-08-08 17:05:26.498813450 Z
- _id: 4
  _time: 2024-08-08 17:05:36.677184309 Z
  _version: 0.2.1/0.20.0/0.0.35
  latest: 40864638399
  repository: 833184966
  what: events-were-scanned
  where: github
- _id: 5
  _time: 2024-08-08 17:05:36.684263073 Z
  _version: 0.2.1/0.20.0/0.0.35
  latest: 0
  repository: 833184966
  what: labels-were-scanned
  where: github
