---
- added: 8
  cycles: 2
  removed: 8
  seconds: 14.30850565
  version: 0.20.0
  what: judges-summary
  when: 2024-08-06 15:08:47.717400752 Z
- _id: 3
  _time: 2024-08-06 15:08:37.005547529 Z
  _version: 0.2.1/0.20.0/0.0.35
  average_issue_lifetime: 0
  average_pull_lifetime: 58.5
  average_release_interval: 0
  average_workflow_success_rate: 0.8623376623376623
  what: quality-of-service
  when: 2024-08-06 15:08:37.005667614 Z
- _id: 4
  _time: 2024-08-06 15:08:47.670477891 Z
  _version: 0.2.1/0.20.0/0.0.35
  latest: 40789709889
  repository: 833184966
  what: events-were-scanned
  where: github
- _id: 5
  _time: 2024-08-06 15:08:47.714653577 Z
  _version: 0.2.1/0.20.0/0.0.35
  latest: 0
  repository: 833184966
  what: labels-were-scanned
  where: github
