---
- added: 8
  cycles: 2
  removed: 8
  seconds: 16.59835957
  version: 0.20.0
  what: judges-summary
  when: 2024-08-08 15:07:50.982688361 Z
- _id: 3
  _time: 2024-08-08 15:07:38.297788848 Z
  _version: 0.2.1/0.20.0/0.0.35
  average_issue_lifetime: 0
  average_pull_lifetime: 58.5
  average_release_interval: 0
  average_workflow_success_rate: 0.8775981524249422
  what: quality-of-service
  when: 2024-08-08 15:07:38.297917768 Z
- _id: 4
  _time: 2024-08-08 15:07:50.972569305 Z
  _version: 0.2.1/0.20.0/0.0.35
  latest: 40860376692
  repository: 833184966
  what: events-were-scanned
  where: github
- _id: 5
  _time: 2024-08-08 15:07:50.980124852 Z
  _version: 0.2.1/0.20.0/0.0.35
  latest: 0
  repository: 833184966
  what: labels-were-scanned
  where: github
