---
- added: 8
  cycles: 2
  removed: 8
  seconds: 12.558284761
  version: 0.20.0
  what: judges-summary
  when: 2024-08-09 02:00:29.219874779 Z
- _id: 3
  _time: 2024-08-09 02:00:19.545157052 Z
  _version: 0.2.1/0.20.0/0.0.35
  average_issue_lifetime: 0
  average_pull_lifetime: 58.5
  average_release_interval: 0
  average_workflow_success_rate: 0.8803611738148984
  what: quality-of-service
  when: 2024-08-09 02:00:19.545298127 Z
- _id: 4
  _time: 2024-08-09 02:00:29.207155334 Z
  _version: 0.2.1/0.20.0/0.0.35
  latest: 40877705732
  repository: 833184966
  what: events-were-scanned
  where: github
- _id: 5
  _time: 2024-08-09 02:00:29.217950116 Z
  _version: 0.2.1/0.20.0/0.0.35
  latest: 0
  repository: 833184966
  what: labels-were-scanned
  where: github
