---
- added: 8
  cycles: 2
  removed: 8
  seconds: 16.250497051
  version: 0.20.0
  what: judges-summary
  when: 2024-08-07 15:07:38.228738861 Z
- _id: 3
  _time: 2024-08-07 15:07:25.842765570 Z
  _version: 0.2.1/0.20.0/0.0.35
  average_issue_lifetime: 0
  average_pull_lifetime: 58.5
  average_release_interval: 0
  average_workflow_success_rate: 0.8704156479217604
  what: quality-of-service
  when: 2024-08-07 15:07:25.842885365 Z
- _id: 4
  _time: 2024-08-07 15:07:38.219200043 Z
  _version: 0.2.1/0.20.0/0.0.35
  latest: 40824151068
  repository: 833184966
  what: events-were-scanned
  where: github
- _id: 5
  _time: 2024-08-07 15:07:38.226396641 Z
  _version: 0.2.1/0.20.0/0.0.35
  latest: 0
  repository: 833184966
  what: labels-were-scanned
  where: github
