---
- added: 8
  cycles: 2
  removed: 8
  seconds: 11.810272462
  version: 0.20.0
  what: judges-summary
  when: 2024-08-06 06:11:50.292163428 Z
- _id: 1
  _time: 2024-08-06 06:11:41.309903238 Z
  _version: 0.2.1/0.20.0/0.0.35
  commit: 4b94f2e0cfea587cc60f40c7381802b0acebe8f7
  default_branch: master
  details: 'A new Git push #19464653680 has arrived to h1alexbel/reports-check-action,
    made by @h1alexbel (default branch is ''master''), not associated with any pull
    request.'
  event_id: 40433055449
  event_type: PushEvent
  is_human: 1
  push_id: 19464653680
  ref: refs/heads/master
  repository: 833184966
  to_master: 1
  what: git-was-pushed
  when: 2024-07-24 16:55:19.000000000 Z
  where: github
  who: 83453843
- _id: 2
  _time: 2024-08-06 06:11:41.536005717 Z
  _version: 0.2.1/0.20.0/0.0.35
  commit: 7054151c585b7efa3a90d6bccd946fe12d73ffd3
  default_branch: master
  details: 'A new Git push #19463775562 has arrived to h1alexbel/reports-check-action,
    made by @h1alexbel (default branch is ''master''), not associated with any pull
    request.'
  event_id: 40431245455
  event_type: PushEvent
  is_human: 1
  push_id: 19463775562
  ref: refs/heads/master
  repository: 833184966
  to_master: 1
  what: git-was-pushed
  when: 2024-07-24 15:55:07.000000000 Z
  where: github
  who: 83453843
- _id: 5
  _time: 2024-08-06 06:11:41.717128070 Z
  _version: 0.2.1/0.20.0/0.0.35
  average_issue_lifetime: 0
  average_pull_lifetime: 58.5
  average_release_interval: 0
  average_workflow_success_rate: 0.8590425531914894
  what: quality-of-service
  when: 2024-08-06 06:11:41.717460506 Z
- _id: 6
  _time: 2024-08-06 06:11:50.282442399 Z
  _version: 0.2.1/0.20.0/0.0.35
  latest: 40772856980
  repository: 833184966
  what: events-were-scanned
  where: github
- _id: 7
  _time: 2024-08-06 06:11:50.289687848 Z
  _version: 0.2.1/0.20.0/0.0.35
  latest: 0
  repository: 833184966
  what: labels-were-scanned
  where: github
