---
- added: 8
  cycles: 2
  removed: 8
  seconds: 12.827055356
  version: 0.20.0
  what: judges-summary
  when: 2024-08-08 10:08:00.007218943 Z
- _id: 3
  _time: 2024-08-08 10:07:50.098807265 Z
  _version: 0.2.1/0.20.0/0.0.35
  average_issue_lifetime: 0
  average_pull_lifetime: 58.5
  average_release_interval: 0
  average_workflow_success_rate: 0.8761682242990654
  what: quality-of-service
  when: 2024-08-08 10:07:50.098929545 Z
- _id: 4
  _time: 2024-08-08 10:07:59.992999200 Z
  _version: 0.2.1/0.20.0/0.0.35
  latest: 40852384259
  repository: 833184966
  what: events-were-scanned
  where: github
- _id: 5
  _time: 2024-08-08 10:08:00.005311534 Z
  _version: 0.2.1/0.20.0/0.0.35
  latest: 0
  repository: 833184966
  what: labels-were-scanned
  where: github
