---
- added: 8
  cycles: 2
  removed: 8
  seconds: 45.212435752
  version: 0.20.0
  what: judges-summary
  when: 2024-08-07 14:07:51.443964384 Z
- _id: 3
  _time: 2024-08-07 14:07:09.912400640 Z
  _version: 0.2.1/0.20.0/0.0.35
  average_issue_lifetime: 0
  average_pull_lifetime: 58.5
  average_release_interval: 0
  average_workflow_success_rate: 0.8700980392156863
  what: quality-of-service
  when: 2024-08-07 14:07:09.912526627 Z
- _id: 4
  _time: 2024-08-07 14:07:51.433028388 Z
  _version: 0.2.1/0.20.0/0.0.35
  latest: 40822020181
  repository: 833184966
  what: events-were-scanned
  where: github
- _id: 5
  _time: 2024-08-07 14:07:51.440913162 Z
  _version: 0.2.1/0.20.0/0.0.35
  latest: 0
  repository: 833184966
  what: labels-were-scanned
  where: github
