---
- added: 8
  cycles: 2
  removed: 8
  seconds: 13.051363878
  version: 0.20.0
  what: judges-summary
  when: 2024-08-09 11:04:53.531626761 Z
- _id: 3
  _time: 2024-08-09 11:04:43.419269958 Z
  _version: 0.2.1/0.20.0/0.0.35
  average_issue_lifetime: 0
  average_pull_lifetime: 58.5
  average_release_interval: 0
  average_workflow_success_rate: 0.8830022075055187
  what: quality-of-service
  when: 2024-08-09 11:04:43.419393288 Z
- _id: 4
  _time: 2024-08-09 11:04:53.522327697 Z
  _version: 0.2.1/0.20.0/0.0.35
  latest: 40889170534
  repository: 833184966
  what: events-were-scanned
  where: github
- _id: 5
  _time: 2024-08-09 11:04:53.529499390 Z
  _version: 0.2.1/0.20.0/0.0.35
  latest: 0
  repository: 833184966
  what: labels-were-scanned
  where: github
