---
- added: 8
  cycles: 2
  removed: 8
  seconds: 12.447594946
  version: 0.20.0
  what: judges-summary
  when: 2024-08-08 19:03:48.837393497 Z
- _id: 3
  _time: 2024-08-08 19:03:39.262358652 Z
  _version: 0.2.1/0.20.0/0.0.35
  average_issue_lifetime: 0
  average_pull_lifetime: 58.5
  average_release_interval: 0
  average_workflow_success_rate: 0.8787185354691075
  what: quality-of-service
  when: 2024-08-08 19:03:39.262486462 Z
- _id: 4
  _time: 2024-08-08 19:03:48.827484913 Z
  _version: 0.2.1/0.20.0/0.0.35
  latest: 40868210679
  repository: 833184966
  what: events-were-scanned
  where: github
- _id: 5
  _time: 2024-08-08 19:03:48.834907259 Z
  _version: 0.2.1/0.20.0/0.0.35
  latest: 0
  repository: 833184966
  what: labels-were-scanned
  where: github
